2 1024 1107.79
2 2048 1214.41
2 4096 1206.95
2 8192 1264.52
2 16384 1070.65
2 32768 1428.97
2 65536 2488.77
2 131072 2995.35
2 262144 3322.71
2 524288 3544.69
2 1048576 3574.90
2 2097152 3672.27
2 4194304 3717.26
2 8388608 2880.07
2 16777216 3304.03
2 33554432 3368.34
2 67108864 3409.89
4 1024 3154.53
4 2048 3449.69
4 4096 3125.28
4 8192 3297.82
4 16384 3164.05
4 32768 2764.20
4 65536 2829.03
4 131072 3108.30
4 262144 3011.48
4 524288 3299.58
4 1048576 3588.60
4 2097152 3736.15
4 4194304 3773.33
4 8388608 3384.68
4 16777216 3095.97
4 33554432 3080.73
4 67108864 3070.28
6 1024 2683.07
6 2048 2084.25
6 4096 3446.32
6 8192 3441.30
6 16384 3279.82
6 32768 2659.28
6 65536 2752.04
6 131072 2780.29
6 262144 3061.03
6 524288 2968.29
6 1048576 3261.27
6 2097152 3576.67
6 4194304 3559.44
6 8388608 3114.16
6 16777216 2774.43
6 33554432 2766.39
6 67108864 2764.12
8 1024 3205.96
8 2048 3295.52
8 4096 3607.94
8 8192 2956.88
8 16384 2464.32
8 32768 2885.47
8 65536 2752.11
8 131072 2784.38
8 262144 3119.35
8 524288 3120.70
8 1048576 3201.95
8 2097152 3439.46
8 4194304 3514.57
8 8388608 2844.10
8 16777216 2487.60
8 33554432 2456.37
8 67108864 2430.67
10 1024 3092.60
10 2048 3534.39
10 4096 2838.71
10 8192 2755.05
10 16384 3316.72
10 32768 3299.32
10 65536 2750.45
10 131072 2683.22
10 262144 2788.63
10 524288 2966.46
10 1048576 3023.70
10 2097152 3298.50
10 4194304 3409.65
10 8388608 2614.33
10 16777216 2151.57
10 33554432 2082.93
10 67108864 2045.53
12 1024 2923.35
12 2048 3436.22
12 4096 2846.96
12 8192 3194.15
12 16384 3526.18
12 32768 3201.38
12 65536 2749.94
12 131072 2823.68
12 262144 2799.62
12 524288 3144.89
12 1048576 2863.03
12 2097152 3097.75
12 4194304 3350.69
12 8388608 2431.70
12 16777216 1902.23
12 33554432 1799.88
12 67108864 1758.36
14 1024 2713.11
14 2048 3298.29
14 4096 2539.06
14 8192 3585.13
14 16384 3739.27
14 32768 3554.40
14 65536 2748.82
14 131072 2872.15
14 262144 2716.97
14 524288 2918.37
14 1048576 2916.84
14 2097152 2901.95
14 4194304 3208.07
14 8388608 2320.94
14 16777216 1718.76
14 33554432 1622.81
14 67108864 1602.35
16 1024 2633.47
16 2048 3205.96
16 4096 2795.72
16 8192 3710.05
16 16384 3727.63
16 32768 3769.31
16 65536 2712.17
16 131072 2691.29
16 262144 2680.97
16 524288 2764.91
16 1048576 2756.03
16 2097152 2630.40
16 4194304 3032.77
16 8388608 1974.57
16 16777216 1536.31
16 33554432 1458.15
16 67108864 1473.76
18 1024 2389.63
18 2048 3099.81
18 4096 3558.32
18 8192 3235.96
18 16384 3211.18
18 32768 3527.17
18 65536 2770.01
18 131072 2737.84
18 262144 2571.84
18 524288 2570.15
18 1048576 2590.29
18 2097152 2632.99
18 4194304 3082.40
18 8388608 2502.13
18 16777216 1541.40
18 33554432 1390.76
18 67108864 1386.38
20 1024 2398.34
20 2048 3176.18
20 4096 3508.02
20 8192 3261.08
20 16384 3400.38
20 32768 3284.96
20 65536 2781.45
20 131072 2751.96
20 262144 2543.78
20 524288 2371.69
20 1048576 2281.74
20 2097152 2640.23
20 4194304 3095.41
20 8388608 2691.28
20 16777216 1568.86
20 33554432 1359.08
20 67108864 1346.80
22 1024 2208.27
22 2048 2935.60
22 4096 3246.95
22 8192 3174.80
22 16384 3647.64
22 32768 3551.85
22 65536 2841.48
22 131072 2751.93
22 262144 2548.79
22 524288 2452.37
22 1048576 2290.97
22 2097152 2399.64
22 4194304 2829.51
22 8388608 2908.57
22 16777216 1721.96
22 33554432 1361.58
22 67108864 1310.89
24 1024 2059.15
24 2048 2967.64
24 4096 3319.74
24 8192 3654.71
24 16384 3063.40
24 32768 3422.58
24 65536 2947.85
24 131072 2766.87
24 262144 2662.09
24 524288 2277.08
24 1048576 2421.98
24 2097152 2443.49
24 4194304 3089.98
24 8388608 3161.50
24 16777216 2327.13
24 33554432 1378.13
24 67108864 1357.20
26 1024 2139.69
26 2048 2898.94
26 4096 3381.06
26 8192 2999.38
26 16384 2938.67
26 32768 3329.59
26 65536 2970.23
26 131072 2756.50
26 262144 2627.74
26 524288 2175.47
26 1048576 2335.56
26 2097152 2531.07
26 4194304 2772.60
26 8388608 3109.64
26 16777216 2312.42
26 33554432 1427.28
26 67108864 1342.30
28 1024 1975.10
28 2048 2670.05
28 4096 3234.86
28 8192 3158.93
28 16384 3633.44
28 32768 3775.93
28 65536 3203.82
28 131072 2758.66
28 262144 2616.15
28 524288 2152.75
28 1048576 2764.48
28 2097152 2490.64
28 4194304 2844.70
28 8388608 3050.63
28 16777216 2497.05
28 33554432 1378.90
28 67108864 1295.77
30 1024 1741.02
30 2048 2611.53
30 4096 3013.30
30 8192 2820.94
30 16384 2496.31
30 32768 2648.72
30 65536 3079.90
30 131072 2736.46
30 262144 2607.47
30 524288 2154.15
30 1048576 2651.33
30 2097152 2459.78
30 4194304 2649.88
30 8388608 3048.44
30 16777216 2581.56
30 33554432 1459.19
30 67108864 1295.38
32 1024 1940.45
32 2048 2731.01
32 4096 3351.69
32 8192 3351.69
32 16384 3188.63
32 32768 3607.94
32 65536 3272.66
32 131072 2748.50
32 262144 2669.97
32 524288 1946.66
32 1048576 2874.37
32 2097152 2467.67
32 4194304 2275.18
32 8388608 1687.79
32 16777216 1321.65
32 33554432 1329.16
32 67108864 1374.27
34 1024 1868.34
34 2048 2560.32
34 4096 2304.29
34 8192 3434.96
34 16384 3250.33
34 32768 3282.59
34 65536 2948.45
34 131072 2736.61
34 262144 2652.84
34 524288 2210.95
34 1048576 2914.62
34 2097152 2504.07
34 4194304 2993.24
34 8388608 2894.83
34 16777216 2739.14
34 33554432 1544.48
34 67108864 1278.77
36 1024 1697.90
36 2048 2389.63
36 4096 3099.81
36 8192 2889.91
36 16384 3371.22
36 32768 3548.06
36 65536 3268.75
36 131072 2748.23
36 262144 2660.56
36 524288 2290.60
36 1048576 2762.36
36 2097152 2483.15
36 4194304 2925.51
36 8388608 2978.89
36 16777216 2786.68
36 33554432 1627.69
36 67108864 1277.74
38 1024 1536.19
38 2048 2492.39
38 4096 3081.98
38 8192 3538.73
38 16384 3719.65
38 32768 3528.06
38 65536 2895.47
38 131072 2740.51
38 262144 2770.61
38 524288 2295.30
38 1048576 2234.48
38 2097152 2265.66
38 4194304 2599.64
38 8388608 2814.58
38 16777216 2788.10
38 33554432 1719.22
38 67108864 1272.60
40 1024 1556.95
40 2048 2398.34
40 4096 3092.60
40 8192 2626.11
40 16384 3638.82
40 32768 2872.47
40 65536 3174.45
40 131072 2777.35
40 262144 2750.95
40 524288 2389.04
40 1048576 2157.08
40 2097152 2105.79
40 4194304 2416.30
40 8388608 2795.22
40 16777216 2765.71
40 33554432 1862.32
40 67108864 1228.45
42 1024 1418.02
42 2048 2212.12
42 4096 2829.31
42 8192 2843.90
42 16384 2674.62
42 32768 2438.73
42 65536 2678.60
42 131072 2736.72
42 262144 2698.13
42 524288 2429.63
42 1048576 2396.73
42 2097152 2205.99
42 4194304 2744.93
42 8388608 2877.07
42 16777216 2813.98
42 33554432 1804.27
42 67108864 1275.97
44 1024 1514.25
44 2048 2304.29
44 4096 2895.93
44 8192 2747.42
44 16384 2574.16
44 32768 2016.93
44 65536 2897.87
44 131072 2736.11
44 262144 2737.12
44 524288 2424.76
44 1048576 2187.79
44 2097152 2223.94
44 4194304 2454.51
44 8388608 2850.16
44 16777216 2897.62
44 33554432 1897.75
44 67108864 1268.95
46 1024 1491.01
46 2048 2253.08
46 4096 2848.35
46 8192 3307.77
46 16384 3695.16
46 32768 3806.62
46 65536 3498.19
46 131072 2771.17
46 262144 2757.21
46 524288 2547.23
46 1048576 2271.70
46 2097152 2640.17
46 4194304 2530.71
46 8388608 2883.73
46 16777216 2960.15
46 33554432 1982.71
46 67108864 1304.14
48 1024 1423.24
48 2048 2150.67
48 4096 2880.36
48 8192 3319.74
48 16384 3671.78
48 32768 3329.50
48 65536 3546.06
48 131072 2681.46
48 262144 2747.54
48 524288 2555.33
48 1048576 2153.74
48 2097152 2525.51
48 4194304 2382.17
48 8388608 2901.73
48 16777216 2422.88
48 33554432 1360.00
48 67108864 1242.91

