10 40960 59973731.17
30 122880 133350493.03
50 204800 141643485.89
70 286720 179453489.82
90 368640 185216865.71
110 450560 164812119.71
130 532480 172869678.91
150 614400 203023876.71
170 696320 194453477.43
190 778240 225631644.11
210 860160 257234138.87
230 942080 281603619.87
250 1024000 377171340.97
270 1105920 303883346.10
290 1187840 317495621.92
310 1269760 414316398.34
330 1351680 545118216.00
350 1433600 571884622.74
370 1515520 466788317.52
390 1597440 440358487.70
410 1679360 477095950.69
