10 40960 67126091.99
30 122880 70159019.90
50 204800 72930335.34
70 286720 93922371.97
90 368640 110588622.41
110 450560 167170212.00
130 532480 149609710.54
150 614400 160626899.40
170 696320 184708463.97
190 778240 194649504.52
210 860160 225732887.09
230 942080 227273381.02
250 1024000 259778452.99
270 1105920 273835207.46
290 1187840 296373184.19
310 1269760 313383820.78
330 1351680 332038932.22
350 1433600 391372242.54
370 1515520 534551356.53
390 1597440 459824160.49
410 1679360 482248040.09
